ph,Hardness,Solids,Chloramines,Sulfate,Conductivity,Organic_carbon,Trihalomethanes,Turbidity,Potability
-1.975723413699316,-1.0773172584027972,-0.8661553503183749,0.8056886051593897,-0.5323311690492972,-0.15116886428297632,1.92945884465674,0.7386485518956272,-0.27964165720455364,0
0.5290460747100898,0.5583889568037932,0.22060549547328676,0.09879873304274628,0.19295215786433373,-0.18715402000558773,1.572528618062868,-2.572214111456546,0.07592007626279795,0
-0.3731355276953499,-0.680394105937597,0.21034557129071982,1.1832155925944967,-0.07428075798508288,2.0700231420226736,-0.11173316153099656,-0.16841688182325557,0.4949692734849356,0
-1.645578138787517,-0.06226617700865145,0.6771851855437909,-0.14389478511104464,-0.06782319595175683,1.6049386271172856,2.485070424304409,0.9248337970532756,1.2766866073258014,0
-0.8165690348092993,0.18157990857622278,-0.7626727309844523,-0.17273831514143712,-0.10418968926703255,-1.8024150016399003,1.6409620572241566,-0.6845778169649961,0.5840511811512672,0
-1.1036571611630777,-0.06620138327672832,1.143296344154181,0.6838319580521681,-0.14543741468406526,0.06133942367214767,-0.7765988189930116,-0.6585127600585264,-0.16792547405082167,0
-0.9607669250105861,-0.19209282743006348,-1.204266918755311,1.001393359379379,-0.0797438178238861,-1.1797385593972143,1.1008231959341013,-0.013203277990643336,0.5153832877312713,0
-0.004250828520976789,-1.80711593842688,0.2736908034464255,-0.9016803539043808,2.4374173768607235,-1.0385238786703461,-1.5774838089421979,1.3642501766624815,2.0296619221645913,0
-0.24244604693547334,1.0665675942470003,-1.4108277253487926,-0.751467086528536,-2.6699612531219628,-0.257332925275511,-0.46063155835504316,0.4967513573253311,-0.7018505350267574,1
0.546693601879095,0.5240552662151887,-0.5957750842839841,-1.5078004449375493,-0.9905449313676877,0.6399640654789008,-0.050495272923318534,0.9738963599306716,-0.49259310062703837,0
0.005620661891560917,-1.7182473960978975,-0.34048228722494345,0.27619658483799725,2.1803972235877436,1.2608372776381485,1.2630266704207538,0.1398436321819584,-0.4374392681449512,0
-0.29334602991530406,-0.7329090421421269,-0.8148238016591524,-0.034337010224694466,0.12663221885650977,-0.2566324131705291,0.3906100812430177,-0.4877915989102138,0.4665654848932009,0
-0.34201394023281895,2.532170018024792,0.4156143326411075,-0.2429653823971399,0.8167712276178265,0.8773472402980258,0.6634685963662665,0.8040023161019177,-0.4587162178174065,1
-0.1255238905269554,-0.5006777030914131,1.0190699444899312,-0.35029115617753703,-1.1734194834014315,-0.4093720303873611,-2.002537663729823,-0.19332129992292665,-1.3693441757855185,1
0.6626295975683018,1.078845709782655,-0.22718115637849057,-1.259446748714154,0.38457869464628747,-0.5013509121279233,0.19866101836930017,-0.1903732881314074,0.9088142591911471,1
-0.06881722268261903,-0.8925897132063317,-0.381361336689645,-0.33111816796859483,0.4882942946934777,-1.1470438836738424,-0.5484588093561857,-1.1159799877097194,-0.5628467791915666,0
0.4037575762678746,0.38221512097166144,-0.5403673106296525,0.34777982181246786,-1.1365756682755417,-1.952012513252975,-0.782267755682112,-0.592065279698831,-0.955938841880697,1
0.936077540739024,0.08952091656857467,-1.5488307610519274,-1.475406791818769,-0.28695755971799203,0.33515820152853376,-0.001830526857888907,0.49308094268808156,-0.030123715855386,0
-1.363059121020225,-0.8967314974755808,-0.2443296162779781,0.5664679605311641,2.255929458280413,-0.9231008411554863,0.3426992585601883,0.1373438162672907,1.4182079694227676,1
0.6218780693996937,0.42514711250948944,-1.5283912035640337,0.9196844162258746,0.5393637386870281,-1.0865724628246551,1.312704289540833,2.4788110335691185,-0.9275775351327138,0
-0.5917183338279013,-1.117130107386878,-0.24720003785142466,1.8601511357937137,-0.5603605515742154,0.9738447548182413,0.7252704793222143,-1.5183994835334345,-0.21254865853370022,0
-0.03308727570822312,1.5525438147840935,-0.7510326690318656,0.2754500610784568,-0.6701856807027886,1.1115213449704062,0.95336468645736,1.5679561535503577,-0.04870580465529849,1
-0.7514541056711064,0.009398797095234416,-0.29145751577473367,0.32034072583994094,-0.1202915078225743,-1.2700154940635662,1.2477431834270916,0.66925076065431,-0.19189537585532668,0
-2.378595669708468,-1.2102915312053182,3.8676979414630948,0.8809268139059467,0.9205769349873677,0.7324687858892199,0.7890482907114401,0.20043603019425105,-1.7875844225550204,0
-0.8622681057463396,-0.6740756138714034,-0.8810877642937799,-1.1324291535927464,0.8721777605700297,0.5595748240461806,0.6216714373068132,-0.5128547611006798,1.4494911094278262,1
-0.3694429492842081,-1.1274701109243377,-0.9854473959526164,-0.11111545347095028,-0.9017556675491901,-0.82476029840469,0.38480446191342454,-0.17958858717782417,-0.28364391232333563,1
-0.5339487510236391,0.09596054418044128,0.5884074668641444,0.4251856066760262,-0.8812018870797986,0.6471423636843835,0.833394695183391,1.1446505964681213,1.0067641923044026,0
-0.8123302569316648,-0.0139012514979743,2.4528749549731326,0.1479910059792948,-1.245438670858642,-1.2478860653480048,0.20736522980869557,-0.9398346817052887,1.088678623986767,0
3.2810661889313564,0.655897346037972,-1.2267580341210964,0.8399396010564418,1.0358092803908365,-0.9774558086459225,-1.3823774155036246,0.46235885041650243,-0.5594875232451031,0
0.3164638992908539,0.6532997475254317,1.6696544057693528,0.8825830550784243,1.0374996066851923,-0.4046066842760817,0.9279390917447476,0.7043687395198164,-0.41971248806426775,0
-1.0505917859429752,-0.5559746925410959,1.1000220335672748,-1.6095449301933946,0.3367570521788657,0.7901386585102979,0.5140378569227173,-0.4967402027698531,-1.4081007374366417,1
-0.26476280652720846,-0.15989553311601554,-0.6563898818452375,-0.4805294571252624,-0.21562797891850122,-0.5363643781672837,-1.9570895909309822,1.2467841654236065,-2.569839475756737,0
-0.4416149349006144,0.5225664060864011,-0.11017975238926837,-1.1100415865015931,-0.1353110670002791,-0.7087187321846776,-0.18037919763054133,-3.01653704172595,-0.05893674972184674,0
0.4682311325509321,0.3882876174662802,0.045298176037061405,-0.810395033927735,1.8181506863387353,0.9451062382895361,0.53488339119711,-0.37372213775168694,-0.17226977691931214,0
-1.369425337602597,-0.9593689994446615,1.0692131658262252,0.1749183117393817,1.2272859586290428,0.9914800387808139,0.18721407872153809,0.17721331881194494,1.3795438903866195,1
0.4069721277901758,1.1640612915689972,-0.028885417846279734,-0.5182675928040398,0.17110115849330917,0.5667513559002615,0.012680184970653811,-1.855447908844825,-0.3192863160415663,0
-1.6469942502102033,1.1715413819146812,-0.9070052435600987,-0.5009107950289664,-0.8959951156059128,-0.5467463911759474,0.901238367786991,-0.46017910966613784,1.2730476102246688,0
0.508402338571719,0.3632955248619817,-1.1062164038572917,0.1535724730062645,0.18823466049148987,0.9026276266367974,-0.09401517915095309,1.942766336065741,1.8722261542016985,0
0.18949102323498443,-1.4611193051004352,-0.8679841462030753,1.2311268610507058,0.3577485811585015,-1.362540730968181,-0.25983517182353744,-0.46906643050066715,1.7538352793738778,0
-0.7136360725807769,0.8294845197945383,0.2914553518170827,-0.5762632861750612,-0.6621606640679354,-1.7601311004617046,0.24994421650122892,-1.6336696326589182,-0.3100875735093463,0
0.9208310518871646,1.6124516588233657,0.05264549904496845,-2.61330910437332,0.7991658393588141,-1.050484352149808,0.10083607322067357,0.7657557221807959,-1.8265605776340512,0
0.36797440958744143,0.8462447612759615,-0.19186320623136846,0.15846490275493488,0.4354094312692333,1.0350464519707887,-0.045873139109625996,0.42254485859820656,1.9380350392200592,1
-0.8348796310486573,-0.30365885245200275,0.5528090317041447,-0.8367440862465759,-0.0036729684919999273,-1.4085205115188486,-0.5960765743296631,-2.0929176063591615,0.23707764272514734,1
-1.968890722340123,0.6163019954955662,2.1131450035269888,0.22284687819365936,-0.5686106974869003,-0.3405425179681797,-0.9539244087463975,1.2789436725821872,0.5635892895366649,0
-1.2254674145538844,-0.2045020739919119,1.524168655631382,-0.2513341988643544,0.18563323110317267,-1.1765613956473713,-0.43557586019575306,-0.31457478573115727,0.8666561589786682,0
-0.6255999470245478,0.5915357257226155,-0.68755239762269,1.0873476278079142,-0.6006073798918462,-0.10760424803302383,-0.3641341447827564,-0.24234372982293043,-0.5564715666033305,1
0.8790840126377938,-1.9465978371132882,-0.10173489857264335,0.547226265448805,0.28586197320346446,-0.8173104135050961,-1.0874264658010258,-0.11770746888227396,-1.4006668026116025,1
0.7776734073351121,0.07260337856422336,0.28096062559502716,0.7631608856612904,-1.3195274896365727,0.3718264944291202,0.3478833228825869,-0.12170065890012159,-0.27344919580993765,1
0.3240291231365754,0.34166209352536503,-0.9758345569039281,-0.5943324812640314,-0.12174085990108212,0.32121122301719973,0.13625241623561152,1.3450728316202827,-0.7259297407717108,0
0.13353793718694287,1.2188420238928854,1.6349672220232219,-1.2232353582694673,1.0672672167095472,-0.5070122620404323,0.8107391520734294,1.4448161575258807,0.2548186623028722,1
-0.7246462542941441,-0.1660129514036586,-1.0589917804113003,1.139472572217223,-0.23017021883088054,0.9097635022287772,-0.5842968031270914,-0.7655815635727685,1.197078443378629,0
-0.3788768728418604,0.2934212339345185,-0.29167719901949307,0.4796099549747399,0.8577852837293295,0.6600338975973543,0.435414563552864,-0.585999774475384,-1.9724941780882912,0
-0.12595852684964773,-0.6939979277590493,-0.22795098341906314,0.22365498571925363,0.021200446530822096,0.1793996043229744,-1.0761330607058175,1.4063631884960683,1.903165836855462,0
-0.3420157938543579,-0.6118108973932206,1.9039812905222198,0.17717174276012254,-1.338304693451005,-1.678035474077625,1.5236536394219815,0.9312265421280868,2.5129698929789197,0
-0.07510015076765857,-0.3688542204035515,-0.9856837354491191,-0.4270644051042239,0.9361272274292701,0.08319260992704315,0.0681447054235045,-0.023125780338065872,1.1837261685324736,1
0.03397348096830932,-0.5128607601193537,-0.23780191241067544,0.6170182751583492,0.1146360278046595,-0.768389331791599,0.9105418380786489,1.3663183223017275,-0.2539662499853293,1
-0.5117861000986729,0.2805976805571307,0.46936571236584257,0.8101088218468314,1.2245874021741525,0.3719990770671024,-0.12123434451355643,-2.0905616363477715,0.8071544026416346,1
-1.0805730456191052,0.5095453016924723,2.1101485611125703,0.624764821084247,-0.350358797192765,-0.8796354866971496,0.8998115537526525,-0.13624955549856238,-0.39372492644872165,0
2.164572286960697,0.768112661851391,1.1776053328480005,3.466594234712643,0.002311203346711112,-0.28134467843490635,-1.111240149967133,1.343383100238703,-1.3878137854954615,1
0.0020308065096476717,-0.5186578400132067,-0.09858434768312044,0.2128695412160878,1.0815252452587136,1.7975535851282596,-0.5218219944219702,1.172163791997793,-0.9020039469686264,1
-0.14983850995948836,-0.8576656790008224,2.1609717855175816,-2.3743422847584705,-1.645677226601023,-1.5629043768821727,0.4956173254752651,0.37095227976716316,-1.1400752139926877,1
0.5108819830280981,-1.2994873250163945,2.2329887542881925,0.8351923247468234,-0.9458591046287991,-0.892818014522617,-0.9220857067535394,0.05934814492687154,-0.9515691912964204,1
-0.1507899605311521,0.2710836898071306,-0.15762355197440958,1.6666388928075655,1.3220491283205649,-0.45714508655320263,-0.6193966633637502,-1.054482383687525,-1.07630809439371,0
1.0474205952741245,0.22766621543624285,0.3079805417024072,-0.34093962009653817,-1.081351850040993,-1.111649163973128,0.7052099193700837,0.1488325641835978,-1.051752578876162,1
-0.10528073157441231,1.7281631947160787,-1.2535957965704094,1.8044627331203675,-1.1525670355504876,-0.7175048506986301,0.8312227158005672,-1.4143980045069147,-0.8871698503201343,0
0.1510257561399217,-0.36264481072717314,-0.10106823309674454,-0.18390966241262266,-0.14476224132297635,-0.5828788805517826,-1.8117406671403002,1.4876523507439092,1.1903989288013188,0
-0.39981825359792805,-0.11349895262483062,-0.4140459457229941,1.0715548706120173,0.06664514519374137,1.1265704452605056,2.7121534275874017,-0.9085832269174229,-1.707825804974585,0
-0.009330041797444108,0.5410111267667566,-0.2174334737587359,0.2953205262295562,-1.0478827725358932,2.215554456221838,-1.6978104433828547,-0.4969417139903672,0.41530075250998877,1
-0.6252324356708163,-0.5078877900769208,0.26374989471220517,0.013257399384852162,-0.28601965769640464,1.2315107792044622,-0.2645982792568632,-0.3946074197876472,-2.149779492266098,0
1.3866963096643172,0.08110845760212568,0.3201681849902182,-0.6461179795990859,-0.12494593898294093,-0.36743760431605565,0.6360337167780007,-2.240856996473652,0.4541112425175932,0
0.17169504113192344,1.1896363879977339,1.0985558852745887,0.16484916433195032,-1.2068255582444085,0.02759481741944204,2.3490679383182047,1.3064217386225025,0.7436857876754283,1
0.560011135972384,-0.2946859820368412,-0.055173323626341975,0.4406235341053654,1.469656095647138,0.4316363706358155,-0.13352050932981907,1.2269529415213203,1.4685624668677144,1
-0.025074805698770814,-2.0683978763569413,1.0014210927707043,-1.6947564166460565,-1.2501529344107514,-0.9698771997465158,0.23594014575867983,-0.5128786018635924,-1.4106257947062981,1
-0.07741139048176922,0.5148018074807151,0.9305168222577457,0.34135346262340027,-0.2906613756523313,-0.6003143019756064,-0.37002615427259383,0.35389174947409363,0.02654453216203519,1
-1.1151367821235219,-0.03353073032815636,-0.6086237968257103,0.542462228833378,-0.40173661519002024,-1.1327695618089937,-1.2566275280860637,-0.424817906227859,0.5961548391259415,0
-1.1531444695458701,-0.4363014666069704,-0.335872986146839,1.185715234972716,2.755177780880492,-0.4525129896274628,-0.9789752670772626,-0.16019607152316803,0.12061372762099846,1
0.1191258002860606,-0.6421984427117071,-0.8924772001345573,0.44478457754950446,0.10729236273866742,-1.2892860739287417,1.1281540082504449,-0.5113603468915543,0.290574405517104,1
0.5307270570167612,-0.6930132165533802,-0.9794812099973682,-0.11767245761832879,0.5715132868507613,0.5557181228910247,0.6377997027551063,0.09952329165024021,-0.7631874157088929,0
0.46555014756917723,-0.5133745060093096,0.6528983646905513,0.23359533797853013,-0.43153810581599283,-0.8356069888181176,-0.5231569697634116,-0.8724746219449373,-0.8209753212989402,0
-1.5020719389799986,1.725775471460284,0.10598854659951605,-0.7648750762510182,1.1005149498195939,-0.18875835660778084,0.6699078502016282,0.020378267836631842,-0.06683581718910388,0
-0.6235751442983728,1.6297351697772031,2.700435467883867,0.1483325312154185,0.1346436564295982,-1.3825487627280184,-0.9343587231556125,1.3847112104364925,-1.1108589444900823,1
-0.25677462178013455,0.9910547842963727,-1.6449066437703126,-0.7491597703944103,0.7358263439917203,-2.1332106256355376,-0.36619153488894113,-0.1005969352317222,-0.6664076395578201,1
-0.36434130334002596,-0.8198920188417336,0.37429817250617,-1.5911301373501128,1.0289530878312767,-1.616656110758126,0.21990406571718044,0.4775096665901032,0.5567011318550585,1
0.5045015262844194,-0.790056806229654,1.745758770151102,-0.5788316976438503,0.3116647174966847,1.128362001165179,0.45547542591163226,0.15618166959345928,0.12369454976014704,0
0.43973267749867956,1.1583517555697342,-0.5945915781389151,-0.6381118964482949,-0.23514101690622533,1.1619256166643177,1.0339635755370615,-0.37683857213398614,0.9147011198965254,1
0.198070546217066,-0.34104137994329536,-0.24540631333136004,0.8126992282291019,1.31000677352479,0.02340211483751169,-0.3652880402848635,-0.2527751496426058,-0.028957059082120613,0
-0.07575257564349118,-1.1623821330671138,-1.1181321243940316,-0.01812603499229876,0.9295504835608769,-0.5463028762580087,0.015153147648367666,0.7279160484502544,-1.2975517315572933,0
0.11481942498104471,-0.5858458689235387,-0.8169337420423148,0.7115762327970125,-0.1469214794300354,0.22940232026709034,1.6744205166058004,1.2857044737185883,-0.7848332609769701,0
-0.7494929647063956,0.5364583387316355,2.3057645482621907,0.4988707550512168,-0.5072159764426831,-0.858412326200091,0.3734073800055196,-0.7452807300296066,0.4188299988256204,0
1.7521690932999343,0.6721035180682443,-1.75140474925537,-0.6976913596023179,-0.0036685620904009456,0.07195212303780762,-0.5993057501335465,-1.280328019559055,0.26849759169726517,0
-1.0760982800190448,-0.7177439558748635,0.715455137393472,-0.8486795297513858,0.9563622357781303,0.9792228254020335,0.9545331772975313,0.05431525193923081,0.8512775139147599,1
0.9133043149420449,0.3728488537142947,-0.6332240536595729,-0.25533726303453474,0.9534953655554752,-0.9932993644422985,-0.7086156105285449,0.8932780816643094,-0.7837502231787634,0
0.0401378999698583,0.20273015983842854,0.14362669905091474,-0.673131179485928,-0.7579071479018379,-1.5434168714799008,0.9821768479178469,-1.4999020306778037,-0.2341791826691941,0
0.7123642321076403,-0.40036547828322033,-0.34345308419029963,-0.2975143996810301,0.3376117288200482,-1.1608400407327957,1.1945048821319806,0.017888560233021128,0.3273619669478144,0
-0.10754591833439038,0.4564434665731844,0.8502355888789941,-0.7086020937631451,-1.9660999661477576,-0.42337047514967996,-0.44086677628782184,0.664396592431372,0.8061164414594301,1
0.8565465252299472,-1.0657682668584014,-0.6959646779741965,0.8138137125322138,-0.803634692155799,0.6626327747584638,0.2845992301345102,0.3159090475993163,-0.43348708605346126,1
-0.293955689894166,0.21644884365422132,-0.5497789530307817,-0.6846250036640832,-0.5218697014626893,-0.20179274207852485,0.468329996519362,-0.0858346799646782,-1.3517400363621237,0
-0.36556734621675574,-0.21715631973109617,-0.21246258324031936,-0.36268065732185717,0.8680939903097185,-0.7261127380534543,0.135334606386975,2.1680552150085233,-0.009233698065546905,0
-0.5946767597320829,-0.8142127690967327,0.2284063938379003,0.1272523437409544,1.03353646901094,-0.6565441991740816,0.40510238380887265,-1.1261892736462733,1.1251542074049155,1
1.5310465876998982,2.417027974625362,-0.004367681711473997,-1.1793673664124364,0.763636827476811,1.9153173290905183,-0.21710794386451282,-0.2663588992539462,-1.0007064575978435,1
-0.33463458266270046,-1.3440677966956018,0.08178071538796132,0.3955817317939061,1.3179812187392876,-0.4053164275465196,-1.2786035928233423,-0.6914771057298342,-0.39129006056373894,0
0.9033938235430161,0.05446627922491328,-0.21055818710012772,-0.42777810078556133,0.26465836004101745,1.6035366859932956,-1.603230774816489,0.7797019755884045,-0.11271515182211084,0
2.8283819816508853,-0.38942661119724636,-2.0608181490553372,0.17825654938477178,1.5956011963070482,0.6038849297630337,-1.058295527153046,0.18784013308469802,-1.2428762817172354,0
0.05733258524859825,0.31651205174148345,0.44878102586097296,0.4167999138964957,-0.2898559043945234,0.7278002204880849,0.36616101528444867,-1.0731524447094893,0.9911374132190813,1
-1.9418215284750897,-1.5473344162198006,-0.7884255419383568,0.6604758321450049,0.011802378221139451,-1.0353799169995805,-0.1658489877341614,1.1994064520900647,0.08743212323452734,0
-0.7120331665771907,-0.035916621568269996,-0.5286267177122903,-1.683740086064316,1.7328665791184124,-0.24438585816573394,-0.8476567377532455,-1.134036789788987,0.2658590068264478,1
1.1529951691575864,0.3720381250412614,-0.46323071041242275,-1.4773578500349505,0.032700948100234675,-0.5622214429040858,0.01234332135832797,-1.1261890778222605,-0.05270137486576858,0
-0.9548108951949472,0.238709091208568,0.9354699866304776,0.04985417993844872,-0.5477467749916555,-0.7431703806009433,-0.05255033278212435,-0.03232656741299459,-0.14996678754203988,0
-0.7474754372636435,2.659485299338959,-0.7722829689698255,-0.3141754996283292,0.7321292654884283,3.33169888298057,-0.36681946203675836,1.4558569475453151,-0.3958277951936946,1
0.4306730755739052,-0.06886794114016248,-0.21969446875770945,0.7637168022724296,0.980050765077949,-0.6376494998271907,-0.8789451827673659,-2.3273168112042764,0.1843324970353971,0
1.1007456760997243,-0.6195212343065545,0.1453547402889444,-0.2546521697291216,0.8236332836369396,1.555883532315481,-1.9928812728856455,1.5580366060395305,-0.13539715885972822,0
0.9498223172071647,-0.6577764480102227,-1.7851541684322667,-0.05908193382156369,1.848680025835635,-0.28416242814212267,0.5309532008275615,-0.8855837526461457,-0.9922907696243372,0
-0.9731023017739558,-1.2770842254256598,-0.16365699755036353,1.5845854959293983,-0.4795341852886447,-0.8838422203635717,1.2367081433134024,0.5437343131106611,0.7260341979131493,0
-0.034524902072684424,0.15429059060391995,0.3001202466622175,-0.830625704571192,1.651760715116094,-0.6804846815985485,-0.45452181315800066,1.4179938801798246,0.579956202599207,0
-0.40381825352828066,0.07739255976560906,-0.33739537883573245,0.1086254150898427,0.05480096904650934,-2.1007985442952104,-0.1906129500415443,-0.8424299932642926,-0.8897593222643282,1
0.5472396063545448,2.4871716780483863,0.2692877471515206,0.2693956328398884,-1.4526148565909296,-1.4832729636494888,-0.7705695148315366,0.2251465998972535,-1.1936719210542572,0
0.5502169926320084,-0.3232401914456923,-1.8296851265811054,-0.010401150061811602,0.28088432632272997,-1.7678114496485098,1.3677826358756167,1.206916227656772,-0.10619264107156262,1
-0.08834463842167772,-0.8302497243891166,-0.5066394850783118,-0.45749200967250253,1.3126673768875674,-0.6754480318443946,0.25284254214476687,0.4732445947855551,-1.755479527621941,0
0.7407935975622771,-0.876045764200002,-0.4976296154386252,-0.056743471294248435,-0.2384915157556623,-1.8479250694333855,-0.5608078386778179,-0.31889440142038705,-0.6084272592544228,1
-2.0681406145903893,0.6974527170679777,0.18721881083772396,-0.41588337727045066,0.4680485594652075,-0.0662134718211194,1.478837573840805,-0.4664411893222655,1.0240715658884372,0
-0.5585424817452651,-0.09289996952649619,-0.9808737076433843,-0.8301527780781365,-0.1776459109543221,1.329360711794437,0.09922287737981941,-0.3680572987515954,-0.5389076691480319,0
-0.20099549706439548,-0.5760514668216548,1.4674105610442105,-2.693887842323004,0.8813785648551354,-0.4586562773709309,0.8755261047313598,-0.09533010900037238,-0.4024077152226678,1
-1.2153274643462144,1.175729718597494,-1.1771674720309522,-0.1092339121747223,-0.4427213079390728,-0.24071761983135848,-0.17629548463283895,-1.8799921304841192,-0.35965269037046854,0
-0.09892165473068083,-0.17711371498327635,0.4470575355277187,-0.5522414092393652,-0.05326919209581425,0.6842166138460136,-0.09272399026258085,0.26040390916134787,-0.3460001679160065,0
-2.2705455195306308,-1.1412643133537004,0.1287280728911111,-0.19733288624197654,-1.1336790671519708,-1.4765593274671487,-1.397500968421121,0.8368055585074119,-0.26547831394624233,0
-0.5807400709210239,-0.25074515505068545,-1.321607200331542,0.37125283776335993,-0.2598290024886884,0.5026986992532213,2.0685909126442947,0.10967276436318998,0.2054166006846954,0
-0.7795360690146396,2.8199820706375403,-2.115337380687568,-1.932379643383395,1.4194154207149032,0.25523378295079174,-2.4049992323421487,-1.0729452507540516,-0.6961395272622048,1
0.2859033305338218,0.7915049978945006,-0.8203264945796271,-0.2733981420870545,0.805621746575558,1.9445434783183295,1.0150538796972837,-0.4177650024842601,0.30587054707694766,1
0.8500578373430787,-1.3159414054316483,-0.693585498311133,2.503929000224462,-0.09934313680279261,0.0575153660937862,-0.6125138429468975,-0.8566822506851124,-0.014253394020593151,1
0.8721924667197745,1.0042023909131748,-0.677753441287214,-1.888288505611408,0.5602669000861535,-0.6916912934800685,-0.08904554023214231,0.9932010955120703,1.2107219569412908,0
-0.8452385459460987,-0.7354733931948182,-1.6007488446487925,0.10747717028831107,-0.0750309664262896,0.20116301683371612,-0.9003729316041521,1.8352162221998953,0.041469755597443356,1
1.0792534229942048,0.12143962192970635,-0.2830960914401469,0.17739367718734805,-0.32741077345252245,-1.2589692576801952,0.5878187232122567,0.5082849912510046,-0.6394180903480772,1
-0.13133632710387494,0.5751014048852804,-0.1629739136425104,1.1997481649035755,-0.2874478824787078,-1.4839310135150234,-0.5656834086840103,0.8269226735971299,0.9366653198980978,1
1.2375958133648477,-2.28420326747307,-0.7290746437657061,-0.6165310352191306,0.9637784999845437,-0.4445169211349654,0.20234025742361522,-0.2037715182108433,1.227311256894617,1
-0.7069784710452129,-0.4237213425644918,0.5655806433804027,-0.8812972879001162,1.6028434796105837,0.6862536013561146,-1.548595986496253,-1.0865059112568145,0.3065997020803813,0
0.600825262798889,0.8171262438145909,-0.43779706011320724,1.022562640118527,-0.45522854358766646,0.3277116859370883,-0.6894271046564181,0.7558494616403193,-0.8086226537754998,0
0.12889628067046302,1.164979122634706,1.1226310299457762,0.8833167624961585,-0.033657173352606734,0.7871944009204177,-0.6414810574843048,-2.1525909734956037,-0.5618700882686849,1
-1.4685864393562513,0.009375438650032276,-0.3161598134377558,-1.3830931821307104,-0.09905976797492726,0.40347178715074666,-0.29684732653544105,1.1312924725066338,0.5286569269089837,0
0.3793981692137639,0.4810676905143397,-1.0641206764772302,-0.29158667521833564,1.1584176896368907,-0.8231120173659938,-0.054869325069725056,0.22079205473389515,1.3773945767641258,0
-0.56981668511483,0.8724340105384121,-0.7740356734518451,-0.7921826150393703,0.8077802155030063,2.767039686503179,-1.2334633117299687,0.3347260937220704,-1.207914842246109,1
-0.9154204938139707,0.7164275863154937,0.06229721994135458,0.7254484774941531,1.2820539736812901,-0.31316560741073707,0.6896251577851173,-2.191661494387671,-0.040021902407677494,1
-0.6899581184196852,-1.0716829338908875,-0.09326027798234487,-1.7641800741269427,-0.7747920002298404,-0.517682684743743,-1.5329548564562063,0.2862767316306236,0.2646790792825309,1
-1.0183687908056924,0.025230037372427856,-0.2938721784594945,-1.3447191973805788,-0.9135506953713681,-0.9682110898292501,1.31046730493694,0.6229841232359044,0.6013310116654399,1
-0.1332142780261831,-0.1570344427041011,0.007128431595698107,-0.9491014521617986,0.742980675647674,-0.9584573682848744,-1.445784122419478,0.1250530699212737,0.7378203775338246,1
-0.8358781704489565,-1.2540906892552757,0.3462929617544838,-0.3806282041231365,-0.8791216824970101,-1.3982027003916824,-0.7980791742448491,1.1999819609146127,0.9219102945065647,0
0.47552886869400285,1.3750727642199598,0.43719822115298923,-1.7885527801747094,-0.7637903376195807,0.20094779176186886,0.7615186673843748,1.8974991930571554,1.08336318187129,1
-0.7094678086511733,1.0568329952814255,-0.6473689112572545,-1.1615689509436284,-0.4378828445948153,-1.22365479010736,-0.31037346678267663,-1.670280842278105,1.8700779553497053,0
-0.7777438077299028,-0.3341668508981002,2.5638423577387757,-1.7366651735684218,1.9290103789426292,-1.1767669555294187,0.2852984020989899,-0.42275866568807624,1.9710157935217223,1
-1.3948543215050437,-1.3014337537244831,-1.4302967711185872,0.44983366102503475,0.40295541623285086,0.8717840552219732,-0.8724339582023932,-0.3291416294806205,-0.08390523184198609,0
0.6522561300196432,0.6527851432679422,1.882738105898696,0.075600600783912,-0.5174046931593846,-1.8026111730664371,-0.40004091612072806,0.7578641100993572,0.5909381615388197,1
-0.11080587357813954,-0.5135137497449868,0.4276236929410088,0.057037546815341074,-0.34559494892940035,-1.5859701007596094,-0.7517165337782558,1.7382640832108256,0.8292129145464242,1
-0.1965171428654164,-0.20011845940246725,-0.2608363862275361,0.7902327190407374,1.0251911508892466,-0.07645092406485575,0.1425486889482274,-0.33288138395995137,-0.830176295289345,0
-0.322201179199315,-0.2752692748480213,-0.6038601467300331,-0.42880748657374984,1.1121767058565852,-0.26333917388200273,0.19202609695401768,-0.2643262187628258,-0.20018208699614082,1
-0.7310696679790626,0.8261335885696668,-0.44626195405256275,1.7977396818162164,2.1482585744002227,-1.2767874925766944,-0.017805727278776468,-0.9041170829299855,-0.03774451115674959,1
1.1556306049389313,-0.053691665141212534,-0.9951221418970051,-0.9892811818134066,-0.23790088892978586,-1.3530025899661835,0.8340367658743082,-0.30934077440428553,0.5068765881803887,0
1.3120251875110684,1.06028320628151,0.989711872698633,0.336599450193865,0.10519014215142773,1.4016002150173341,0.5342115207031539,-0.5142957272213055,1.880518524315163,0
-0.10321643502319253,1.980725885279372,0.3327608832703834,-1.030767346048848,-0.02409263786954148,2.246146218395793,0.3385296896876367,-0.9248359975160662,0.05589935681049939,1
-0.36337861263942306,0.08579649769011848,-0.08087166199768618,0.9698141186604452,-0.23372594288923138,-0.16402959744279694,0.16313737839744427,0.8366135757161612,1.578097723983376,0
-1.150495245417393,-0.2937901192565131,2.331738575704352,-0.17126099618592439,-0.3249595966748115,-1.419262918826705,1.3858381301538578,0.3109613561000738,-0.11113186319790788,0
-1.0830005376588308,1.3501144354751131,-0.43148231632890527,-0.9986885801341553,1.565129487337916,1.5484684472949442,-0.4629719292890027,0.8323871547008478,0.2609766480744449,1
0.7171958214682845,-0.11619053383800994,-1.0529479541554114,0.2535207123897184,0.2488799145242163,-0.09725369586847342,-0.3023662770583086,1.2802276423269703,-0.7535259833570911,0
2.0789843201263425,-1.828068035691388,3.090722444513665,1.277665066716667,-0.12870325018751008,-0.7535534977369882,1.088360683285757,0.6818216152677337,0.2975325420972508,1
0.13726709215352254,0.8735022334154583,0.19070830005119954,0.2648965879963604,-1.288876868500479,0.7535633539700851,-1.7546972889527848,0.1579864216409712,-0.6909288596607467,0
-1.7627888092727206,-0.14861123623789693,-1.058624237894423,0.692513377702812,-1.171957993168514,0.9087385561587977,-0.25764286033519335,0.6248386890889437,-0.059140513704213395,0
1.2754629091601637,-0.45565256619789907,-0.4558349123812495,-0.3709472809465333,-0.5604800568689016,-0.3484288453461066,-0.8421537053061378,-2.140398654392056,0.13503344300576475,0
0.2651687113803883,-0.28365314662819274,1.1669712492710633,0.3202662151870843,-0.4187536324572472,0.5825225525654094,-0.6944907432892872,-1.4384509578493117,0.4304094280536269,1
1.070403395747578,0.594620660394581,-0.9198980300449606,0.26142279695649884,-0.25307975510727704,-0.7127024248615661,1.3722316480821426,-0.7245420509538674,-0.24740090274119775,0
0.4631657556132891,-0.4787684387285933,-0.5093397871375501,0.223846408267986,0.46249281572534695,-0.7003753055440096,-0.020573678972365787,0.9009808462581865,-1.3690012790193347,0
0.39174483032166735,-0.11740412973763172,-0.4388160375330416,1.2750626120897102,0.7517079944593188,2.728954787049956,0.005603718787441071,1.501058252621292,0.5286537776418162,1
-0.10685025357376457,0.8387198549198905,-0.46935833581414044,0.5437627041823535,-0.8210209960064605,0.030010405129730224,-0.6398066215449334,0.15155559355601989,-1.6384543977802246,0
-0.5947039082858917,0.5164839458403018,-0.7985673123367364,-1.0034568297588768,-0.33328667783959204,-1.822713872527021,-0.45341275457856256,0.5367929688302958,1.077749279782767,0
0.2556627870018793,-0.570540877495425,0.3320114588618131,0.9334393183406803,0.8735541738573415,-0.47908210225546927,-0.06264381812427937,-1.0847223685166565,-0.6353813218022937,0
0.30251722945662973,-0.7905396915192007,0.15469377289703035,0.28337605911717734,-0.10977182491790986,-0.3586260635126881,0.5362626812944843,0.021521733427563382,0.08001201553359714,0
-0.013478380615026635,-0.23221115729066724,-0.15628255239732125,0.19496323897021337,0.6578068492271565,2.8552556056132223,0.5767283991024773,1.1464067184888547,0.5536087474291862,1
-0.07031235320496289,0.3056420745347436,0.08891608700725362,-0.7615245760280687,-0.7082328016196816,0.18884962977383324,-0.25259445834777655,0.7203670844184026,1.232748524189767,0
-0.22005855627940143,0.04310575798427177,1.4797270955218889,-0.7981779490485097,-1.7515911170000518,-0.4520845828903667,1.0228858313012381,1.5543814010951413,0.5254124576955569,0
0.47339069349355495,0.529659559386601,-0.358335558213291,-0.4160659955714969,-0.40423078453382,-0.2633165371991615,0.7564940378241207,-0.6529594220371401,-0.5359990418778344,1
-0.9780463445214518,-0.40835344329592227,0.6366318123102888,1.547407158575458,1.0996856683880758,2.1083010434109735,-0.8400591486093002,0.7763117162712172,0.6139083873103701,1
-0.4783063385532911,-0.3227922069727038,-0.39480519849457146,-0.35448587626291383,0.5764389746558014,-0.7400105282202969,0.6263048811697325,0.6447740587448536,0.01573223449646798,1
0.6581689256832581,0.13441714609005737,0.40454069822348965,-0.3702845699512135,-0.4644730801680484,-0.1801830545946903,-0.5831147175210434,-0.4129670493617509,0.5878121388258714,0
0.7550508016101439,-0.2392903985219638,-1.2496095899094595,0.1745442698152402,0.3178814294611472,-1.0208066662956135,0.2879457860687469,1.433822590975379,-0.8179751772150113,0
0.019012373143380334,-0.06930852225814355,-0.3997131268239722,-1.3947951525920288,-0.34391907031134505,-0.7062908351603098,0.14556296434427302,-0.7443092276874251,-0.2995675428636596,1
0.695997096462246,-0.5482713724329435,0.42897999706450823,0.2775413307307575,1.4247763659311155,-0.9049092865170134,1.6219868853817727,0.4911585265945987,-0.15933558602978068,0
1.5365230001431307,-0.624710135700725,-2.019791721921665,-0.4530850917618063,0.9133945572096832,-0.2505382038479333,-0.18154781940842019,-0.557613545831781,0.34303111824476124,0
-0.07742896439738729,-0.0678822397826214,0.6355324360845244,1.9251555965183715,-0.6197401572232278,-1.5315670254365632,0.46085421456723996,0.7264230371793051,-2.0176137271950485,0
-0.09643007880769719,0.9877228728376648,-0.9277444963579943,-0.687211447950168,-1.2543427231235693,-0.28889075680135434,1.0391257243226908,0.02354729205909925,0.3092300444976729,0
-0.11892170446737108,0.4189279717429528,-0.7517537288728747,-0.15741982527058734,-0.9628043096122149,-0.3682522360400397,0.3952935761876447,0.012223933261193963,-0.36053641386146185,0
-1.0290176013652292,0.032514653569889126,-1.0456230202094503,1.3446793723764832,0.3446199667862875,-0.8842295710423275,-0.47987358910955413,0.04720137911929316,-0.322893543450265,0
-0.11298400819651128,0.4639560413073738,-0.31162347188296635,-0.47611463787677916,-0.6341185277083102,-1.272001143355303,2.060919204238507,0.3434386959569974,1.8404595664802854,1
0.565397894240549,-0.9272644796611508,-0.5480256077952557,-0.08340335063735285,1.2147608595355472,-0.7766871546943369,1.2940504639816692,0.5992542244460584,-0.8506030680649799,0
0.6066035603915192,0.8856296180669607,-1.7404535506157812,0.6327794998704732,2.081089762402398,-0.812575248338686,-0.5871596967939797,0.4241326108246603,0.021445834436430968,1
1.9744329608761677,0.47809628699106577,-0.9591790471183633,-0.3849104941737303,-0.8781568485821558,0.5185733119244222,0.9187473375320797,0.39318542358547975,-0.7258919006345317,0
-0.9541798241979043,-1.607953774065443,0.03671898480584775,1.3370863167006442,0.8535709659017541,0.1313412721723964,-0.8370588956728425,-0.8695566401434117,0.2289478585261731,0
1.0909111209417002,0.9172594744160719,0.2015916481065224,-2.9510559823984233,1.8253023205714143,0.2536302056160016,-0.005081530134887661,-1.4682874646660464,-0.25622806020889155,0
-0.739090095617877,-0.8676708226600427,0.46690628046814464,-0.5290466830072431,0.41649083861827246,0.5617758868329699,0.424999617559167,-0.8137221518005041,0.17642050597467715,0
-0.709122436955263,0.2077253528984027,-0.2274434318531712,0.46559413474682554,-0.5349320751683544,-0.1795394381486969,1.2858792395870946,0.42091902486737454,1.3376267896237344,0
0.5971155349615542,0.5379491534735352,-0.7476706967320437,0.33778900424503666,-0.3667994775066152,-0.6222630547448411,-1.4845875847513201,-0.6807212361379343,0.21177143129970602,1
1.0529545138825833,-0.507502478213765,-1.4146942147595738,-0.35167974581386724,0.8564076381066312,-1.273753986222982,-0.13016914885344744,1.205644896260126,-1.4450202617662529,0
-0.9212438055284323,-1.1287797255359766,0.6210975556471695,-0.1360820508939284,-0.10480381361002478,-1.3470325637122582,-0.2245100514721801,-1.8705563324853902,-1.2338500172485054,1
-1.2764051204936806,-0.3334568565349373,-0.4388614728203325,-1.9114635109982094,-1.412043568328751,1.2594707039379274,-0.9121968964612912,0.8671296300970973,-0.43412877968572045,1
0.8256060551989018,-0.89158424378268,0.9304209670371674,1.6686071428517504,-0.6277891783189796,1.486580744853857,0.9062675613677389,-1.777205106239609,-0.3678109128355528,0
0.19978361955115456,0.7005474764139078,-1.5950491833018068,-0.5351974346710205,-0.5452980339277503,1.14268818990355,0.2492780010502003,-0.9683156994197626,1.1669403322227112,0
-0.07487918731294259,-0.5440517682297678,2.0923095952413986,1.1337549456826495,0.09322210944589848,-0.4070942201151188,-0.03439571149967943,0.5583787066161974,-0.4320758774786991,0
-0.28989963538009944,0.4042346127927546,-0.165451681141428,0.09124643442154284,-0.00842575214940795,1.2189102832103917,1.9235223402277637,-0.3834985998923198,-1.0440465787714615,0
1.1101163038231798,-0.5872261849889934,-1.1280456472188207,0.21521853189760104,-0.2904980057566675,-0.3858979553569334,-0.5644053744065929,-0.03320265567954371,-0.07077711234271455,1
0.9504798488431366,-1.2952161936605087,-0.22534567329294392,0.3328327976240319,-0.493739079105893,1.1684102963139924,0.1275145210221138,0.4807366344128753,-1.3927840498882094,1
3.982273259769052,-1.3238010451324058,-0.3995954067298673,-0.2627865556521036,0.03979612306658379,0.3013905862314762,0.8528106198033151,1.2121276913377437,-1.8440685049198833,0
-0.9392357880476586,2.326729969947392,2.5188139378157994,-1.8789160878439395,0.8166506086517222,0.30200629806296103,0.6272445911292431,-0.3204791695402488,-0.2463885298195477,1
-0.017243927626217206,-0.13546066242454116,-0.6301292900175497,0.8214022681613543,0.8406012862115261,0.4519294724848848,-0.5364675673737874,-3.0406740984043608,-0.041523460154175885,1
-0.3169373822455385,0.46590920313140605,0.8186090437364628,1.1040762085136546,-1.6026799022558478,0.9713708355578263,-0.0911572911095808,0.16024373818983081,0.1629327854362693,0
0.18803431015886857,0.22963303662558346,-2.3779090743462707,2.5213015704818407,3.459474326904431,-0.8078063187673067,0.6590379292326288,-0.7010660654460996,-0.8097229095365636,1
-0.5282065407157315,-1.297318718951649,0.27762693926067533,0.6799035010380012,0.8282540015353732,-1.6294440372410346,-0.5577542766220499,1.547300444161031,-1.0552381353119134,0
-0.5830788873873012,1.2974841675224078,0.3368107270734573,0.36964340424077513,-1.5471443961135503,0.6958133288637428,2.3267069814629013,0.7943963794423138,0.5973594957610259,0
-0.32099464974927877,0.6611227729792454,0.2966670695992966,-0.8187108649285817,-0.5484112655058755,0.6187967575438751,-0.8794687370044213,-1.1104850148268448,-0.5875252685492613,0
-0.24415908411678205,-0.8343605816970214,-0.5486704399552289,-0.4691746377042912,-0.06189944925325444,-0.26762935669101984,-1.0618920465228379,-0.8889474846703393,0.26882037191403163,1
1.1675037334891671,0.35408298918612585,-0.9983134389087748,0.9001359986733959,0.6000655274316123,0.5206421410446599,0.40161731464020894,2.543469495092908,0.1435607425480896,0
0.5021822476246316,0.9291919183500128,-1.0656360134987806,0.10652955110592167,0.3199079980558698,0.23357484525108946,-2.495161996448132,-0.20362051846142237,0.34462561724340046,0
0.5647103478783796,-0.6809488032523551,0.5707334075269771,-0.6808805290204695,0.11447550184258623,-0.9762784078335098,-0.18054198235043542,0.5683099800299161,-0.9918380445342654,0
1.1449789686889362,-0.4721280036521877,0.4797410045106521,1.0569286088776357,-0.14567551357298508,-0.5932086088391384,0.980992555037457,-1.1152089019567146,0.9760484692300213,0
0.05603838447151724,0.2280586645623571,-0.17550034450431837,0.34553077503493984,-1.1200164061709161,-1.3753013695744083,0.052886177358536665,0.49802159112244293,-0.03824016121236117,1
0.7352885470358678,-1.2367670035891263,0.24591718226173614,0.31864640962548413,0.12305389533824193,-0.10239676583964301,-0.32846374798596417,0.011017970965494294,-0.5643791176665675,1
-0.7906381953775361,0.6545728383673084,0.8943623863333655,-1.865174413360888,-0.11459544229723236,-1.4345227597153114,-0.006712801578437268,-0.23305402694685995,-0.13386214061688415,1
1.0622981164427383,0.6948143760404554,-0.019144666987396187,-0.4288379631029833,-1.3823685944328088,-0.8730754160585014,0.40775732209411797,0.04036427464509904,-1.3126376927462153,1
2.416685896306811,2.694942064648443,-0.780110225180709,-1.5638477193262281,0.02321066265479193,-0.07334956158145932,-0.49794052660897825,0.35472066857095513,0.04413562380838634,0
-0.04007623066688673,2.1012535411884614,-0.687387003062851,2.4121464409716378,-1.7274001367009844,-0.1712301017820691,-2.7202359123257094,0.5987410238756055,1.2845934527353051,1
1.0740969198295203,-1.1834927686849268,0.022679168765832446,0.5031250469243325,-0.6898137554767757,0.6715468929200055,0.40164746664368617,1.028331441478006,0.5437601957312309,1
-0.3348731569635897,-0.9603144682378907,1.0118838433773203,1.084261386398,-1.4734923750827866,1.3267335374359845,-1.0226440718667587,1.0739346748157719,0.31607453483664644,1
-0.3765074329896525,0.28143872926177144,-0.2426019643122766,-0.4982088811523966,-0.8458492107522427,0.6948514302024602,-0.6597132185176428,1.435743086948132,1.2064086002925638,0
-0.33894522850212067,0.08700986174721695,1.3991727205126416,0.982606926829911,-1.4157161235009965,0.6275365951328727,0.0035861035700335124,0.7324159406001455,0.9206632168796376,1
-0.9312226891847875,0.7871208527353069,-1.2492409463749872,1.057225106742367,-0.44552404905107135,-1.2414478862495155,1.4905626919479715,1.1184183991432128,-0.6780414540961525,0
0.4320847299712285,-0.698272105947163,-0.9468765459090343,-0.09482082080497685,0.6454442512719634,-0.8740388628356062,-0.8551364699351878,-1.6705155696576568,-0.968117812802711,0
-1.6228094102496902,-0.8040234681896175,0.9704082385324669,-0.037509946669314564,1.9390137205264206,-0.5064942137097601,0.8130789223899801,0.24217335208012195,-1.0011996919240447,1
0.6027049823609065,0.05030564826012545,0.3804627498698471,-0.3996662489930277,-0.06487446966112184,0.7967913954938087,0.22549624253751568,1.4558530100106646,-1.945271906975807,0
1.6767188857970752,-0.1554128542454542,-1.4861874926121068,1.6521755417948365,0.5864808919531512,0.20461638639101673,-0.3158375348941574,-0.22236962995900186,0.13117256458688709,1
0.13387815340673093,0.051456786836041615,0.07148579774427406,1.35939543376077,-0.2373015012144788,-0.9104129901231993,-2.502319619942135,1.0038699240710003,0.9093609185496273,1
0.2592931712708303,0.04178197914591513,0.5510302624235816,0.04045387374265857,-1.5373817026151593,-0.6323183063531306,-0.3678532724540741,0.19846477927712078,-0.19199107027720574,1
0.27016416552827693,-0.4222036078196898,-0.5574656620171515,-0.7482545445612766,0.5835927549131527,0.8993233072495477,1.9157171755267515,-0.35649104847079865,-0.8040992691748157,0
0.4996813772622048,0.725001060166999,-1.05982731306839,0.5947104847963106,0.6520702503314472,-0.9381230032745972,0.40341844616338796,1.1047780554219162,-1.3217839087022842,1
-1.0511983891268397,1.0844863891879515,-0.8040186482782063,1.2915497743599909,1.8634282592737221,0.27683281316470776,-1.058760822622639,-0.05304781839737532,-0.12216013036356527,1
-1.8211496819783204,-2.3112150296337046,1.441276025712527,0.5216712547758467,1.9020827593832845,0.12700299225980907,0.011470470703260714,-0.11195038088334171,0.39605558482361236,0
-0.6699538860301528,0.13647249647243143,1.2690508484913618,-0.38993273703538905,0.4562204121967554,-0.948591671566982,-0.07607650828382705,-1.4324576373717142,-0.6997317156366768,0
-1.0538400391694556,-0.8873238528487261,0.3486951126253174,0.5255830710679198,0.02093231555107896,-0.3238587297253519,1.1496052574303117,0.24337767208645422,-1.4380339934960726,0
-0.48673940999971477,-0.9239756825354116,-0.16617872842786194,0.29765979684014027,0.5113339198369633,-0.05186802242183643,0.131237404653047,-1.266574590318516,-1.590858273415159,0
0.3341628713813272,0.8055972842164465,0.36414451068114173,0.9005062563174034,-1.0990807189531773,0.9757917007658654,1.1780662465358311,0.12409257641464354,-1.405453588349233,0
-0.9816047919486498,-0.3155732244573108,-0.2053654472569562,1.9577045330714493,-3.0040984659691605,1.1328112819020586,1.235301778803091,-1.0595049066378244,-0.3803781471722178,1
-1.5969181323813049,-1.8931204477670265,0.06978830188983982,0.6674270533623335,1.702095988809698,-0.6732505299585264,-0.9316104274751933,0.16464143091181857,-1.132123923444883,1
1.612335698268124,-0.40023158816895943,0.9710287181914536,-0.9324098212416859,2.1658252104080424,1.8193027168954317,1.005377931207195,-1.2750534767824317,0.007489628868867897,1
-0.017678445575813613,-0.24583590342025755,0.5429905639770266,0.8975224031210441,1.7521272336214297,0.44351280877428656,1.2245836539467054,-1.5622692965355611,-0.4561854306609523,1
0.6333075432458423,-0.30758763060041433,0.7511749352001181,0.29732056552011643,1.1782327734816918,-0.2957943534419633,-0.45938703958931343,1.2803285974095493,-0.7642667033136316,1
1.806187131905363,0.383813360764714,-0.26046584850665294,0.5517960503913499,0.17024311235073228,0.6979090371617309,-0.901673729578128,1.2087425137599739,0.10511369800544347,0
0.21376165257194277,0.22543424900806103,2.110010502908182,-0.9669274969581715,-1.8602830140288595,-0.30673173919076563,-1.6040423558699959,-0.832525440725676,0.6624142692654044,1
-0.9600264033441233,0.8399779774133075,-0.8523416283398895,1.6124687148975902,-2.393859488634934,-2.150857593175197,-0.6342167946031431,-0.42791071734542485,0.4162249303751362,0
0.16028385827807942,-0.21803748262255185,0.9404400155378818,0.21035091422110608,-0.573131552126466,0.4829874014937457,-0.9938283670802339,-1.1956121723900057,-0.2991073141999325,0
0.48947438980409574,0.4224643315982971,-0.2392635133806894,0.5708905745188058,-0.7994119916568516,-0.7198791248225135,1.2537101172558123,-0.5700193902627333,0.23349424699633803,0
0.7318453244218096,-0.18108873517454138,-0.22014158314322296,0.7894836497728747,0.5550948082712847,-0.6053141279457287,1.0177797890887241,-1.784780810006943,1.2425533729787481,0
1.021094185320924,-1.5855506878737524,-2.2412355385398706,1.305391223876681,0.35806509231390443,1.1265118782530623,-0.1186139066689488,-1.4939358663867934,-2.161442117581883,0
-0.5100692015062561,0.28836733736248893,-0.2328684815828727,-0.03534015866237286,-1.1899196183741576,0.5623524122868382,1.103882297769812,-0.12681122343450316,0.6550549577638498,0
-0.8040508881302246,0.24767297065509597,1.765787464674721,0.4629291127741338,-0.10207853606743968,0.49889214252893954,-0.11100725423607113,1.8929814324656613,0.5144509361075246,0
-0.21436107857086073,-0.9065247882515302,0.06454232927676885,1.1114961981709766,-0.3787924297014873,1.2508377931578667,-0.46280941628642486,-0.675948551605176,-0.842420369816398,1
-0.04492034686964172,0.8013288745306911,-0.644231086539651,0.4446694579222119,0.4846503150903819,-0.07918375869905205,-1.6597401020756186,0.008901561784494378,1.6426210737272422,1
-0.7679959761641078,-1.6658851838616247,-0.9566043182397562,-0.9042261834709274,-1.2973022871411863,1.387600988123726,-0.6990297724613647,0.09372165579286353,0.0801519387787005,0
1.0217229447249316,-0.34312908668976383,-0.9992560859390586,-0.38659036416435105,0.3721361270963265,1.6660717894398631,-0.11412347387054295,0.3317954757587479,-1.3734574548601632,0
-0.3877121025499192,0.605440756601208,-0.08701884535984299,0.32100831487742015,0.3701977929175382,-1.3811478292325972,-0.24503516426814878,-1.2587389798555912,0.09209927893071714,0
-0.6015763546736099,-0.8435922072196274,0.2287816967999347,1.4896521449331697,-0.36894313192269856,0.8377818808036327,1.4314452464139256,-0.3817613273987635,-0.16472072954507455,0
-1.3883703404775005,0.5724002149541576,0.7362593801275176,1.7554048667959343,0.09498454013700278,-0.6381019160769283,0.34458163364150884,-0.29924655827913016,-0.6033185928667031,0
0.1297557579315562,0.28335557166432657,0.4858947719533985,-1.2600449965804819,0.5964185092987666,-0.2931079039972275,-1.9244819795790913,-0.1681282989984391,0.9368551626005032,0
1.8741549880791457,0.5418629868119269,0.4069159456444693,-1.2189910610358734,-0.34505700055993177,-0.7964092102667856,-0.1092761274038226,0.10078387693591485,-1.3692116076546106,0
0.5645937343336178,-1.095532027404641,0.8750281905712082,-2.9526941777696964,-0.2225778896926814,-0.6854968669780827,1.3044625824636826,-0.7540690158400404,0.12735708410691343,0
-0.46376609133180824,-0.9608580548623923,-0.5068118264902416,0.7642225700158788,0.2893629603355214,0.05493813789367856,0.292325493148726,-1.2057078857488341,-0.7103784801565086,0
-1.1973192022403958,-0.019566109390282097,0.13124867644270827,-0.1103056973208255,-2.123944190976217,0.5827316546967437,-0.8117948697744043,-1.0501096121905362,-0.05351292727713629,0
-1.4603994906279472,1.1930507726453008,0.7242029374672394,2.3451385871669883,-3.5392839797685123,0.227132777043509,-0.7740097782493521,1.4067042636095752,-1.3752146433600054,1
0.4102654404116825,-0.8250348723630805,1.9026171704486008,-0.697971510818092,-0.8713528714540585,1.23125441675465,0.5154459849303288,0.5293838689387771,1.5311827682385362,0
0.22301648383374714,0.37165365603835865,0.7670260719727765,-0.4003253920627182,0.14077525705077293,1.1930144525294721,0.82955993686097,-0.06778912275267643,-0.31027933571228455,0
0.6712701050215627,0.4416128784941449,0.4069429036503104,0.7930150098376677,1.2625823077144132,-1.2970094100868819,-0.8646425327498866,1.1758679966618348,0.21434497580907025,0
0.28821592510576166,0.9608019656137292,-1.077130469586528,1.497858870252379,0.2892240337354004,-1.0321119793928937,-0.47791112341314196,1.0219192903637648,1.4668932459993256,0
-0.9611733303207638,-0.08612492170124353,-0.5059018726758789,1.3163348120461447,0.8004079614018172,1.3880609234990537,-0.1222508053452304,0.046112617173210996,1.5161131729484247,0
0.21361694310710347,0.748376063061581,-0.7111948638894968,1.2769780100201187,-0.32314011481091576,0.45568676409465125,0.7893642029139435,0.8628382025359566,-0.4692920922650825,0
-0.5793203084048766,-1.7609506686865728,-0.04783544094562601,2.3516131797981314,0.13298588897150526,0.26370548986390574,-0.03481938035539605,-2.1585693504611907,-1.7992388710133858,1
-2.314719755239062,0.36651239331756663,1.3318525883873558,1.040003938374156,1.232732743293257,0.18910637961171903,-0.16600039363228664,-2.246998767807301,0.27516194035279473,0
-0.6447464254694845,0.6699506503599847,-0.5503052635126564,-2.2804559290361524,-0.34439499175639526,2.2996996253232265,0.6571730506442038,-0.09796180277803526,-1.638293839811307,1
0.12134768078949187,-0.924698807984382,0.9814090424064226,0.4426211213447805,-1.2459736028298527,0.608726231828844,-0.6111447729445678,1.0576066551098484,2.709783789040612,1
0.19459936930927552,-0.6877529108426076,-0.2004336741794354,1.2538252136115402,1.2354088201662794,-1.4431521448943425,2.695437509669649,0.9163554458034917,-0.2451705249897352,0
-0.3200937977205115,0.14604590719756763,0.2086830331362762,0.90347758535802,0.48023980632642865,0.3945388151012768,-0.4078745444238143,0.8167975848885142,0.23365357110066243,0
-1.2313564434096396,0.0724666944420421,-0.5928320448340765,-0.2690379097575624,-0.1522530946611344,-1.526694216704466,-0.5555804727035618,-0.0015233764335581287,1.1144587594219089,0
2.19467785048479,0.12786223302323405,-0.9317259921704771,0.1455900803935508,1.850277830240518,-1.0622744828087936,0.8168790478289786,0.39381174175314193,-0.18795837413472968,1
-0.6008550803329517,0.058479786169663824,0.552127658829268,0.28581837346389155,-0.09692501867188422,1.5062905394636075,0.44481412199208786,-1.5639293724532757,1.78135964610435,0
0.5242718744027381,-0.16981264372492916,-0.6314677904580045,-1.060234209079731,1.4827361138143267,-1.6401495283486909,0.9930238564826888,0.9964568691226126,-0.10655115542474786,0
0.006393903573181089,0.7827933015048247,-0.5413624017050583,1.2920355947127273,-0.25750243298859077,0.19849664243695503,0.6673895554411773,0.7292446834126947,1.0458326816412928,1
-0.45690795917649546,-0.3732672928104061,-1.191854565975909,-0.693700576606918,0.25739440532177904,-0.7900482428534998,0.6876943296492034,0.42669780053684453,-1.7367930090716748,0
1.8330472476694881,1.2583084600323111,0.5818504292858043,-0.9754724031653362,0.026739305937615674,-0.5872718072208319,-0.40597955816246295,1.2308879159481636,-0.418315579611205,0
0.33792289811806386,-0.501789861089226,0.9711460208454519,-0.11469235476329835,-0.09229917602636618,-0.8811336257651423,-0.2878795051658552,-0.011028869519777669,-0.34789548946702287,0
0.5078702119186271,1.019849189685014,-0.02125131957861914,0.485187162134509,-0.43778906698340836,-0.7157482230794847,-0.8189537135462973,-1.032565282571536,0.8484396080795489,0
-0.8584317144587177,-1.1539328192489107,0.39878923697052077,0.3750651128146819,1.0758271471061165,1.757019030739322,-0.21993276073282697,0.5942519294094101,0.9783025095543234,0
0.7787612177124814,1.5248593084643167,-1.6189571313377893,1.071714101284212,0.9767919573604738,-0.9654907624298784,-0.07576048171717643,1.141017902966213,0.562494000659746,0
-0.576420335957546,-1.1093524168399562,-0.04455070566367191,0.5863298915189435,-1.475517248242676,1.0316411010709918,-1.0069290209550323,2.090163185674508,-1.304576177170942,1
0.4297866099740843,-0.6844438805324149,-0.7371478892898228,-1.3352896170484527,-0.06878749197610728,1.1663334576202729,-0.9656672574970846,1.311547237052852,-0.9144722635631192,0
0.43828331182161245,-0.0886047118902987,-0.7190849518821318,0.4713750748521453,-0.2157661102869033,-1.5462766537207366,-0.2946768171244039,1.409254053225704,-0.8463183915201051,0
-0.9103118414779282,-0.7422240274250377,-0.6349744002174035,0.09411346555171689,1.3273469703031846,-0.09206682755530658,-0.7649687601367284,1.2385515300322243,-0.6453412497649443,1
-1.6053152106268942,-0.9254599253657789,0.11825141947517515,0.5389293121144904,0.47503073592352474,-1.2732673908524614,-0.23872677695135106,0.8035610080052067,0.1972601676754821,0
0.5943494392377887,-0.6158829868233175,-0.018295808300669677,0.22275559180360682,0.479632859678996,0.02645296742395503,-2.825052728468279,0.36734388567948106,-0.676288063196329,0
-0.14167915689055532,-0.04233958125986865,0.195955832719135,0.6684299091986348,0.3287633053143454,0.15742735150956066,0.09086026140343177,1.4077135299929573,0.44869249060818944,0
-0.7357041391257355,-0.12013531268706511,-0.3098790548636599,1.169208598936831,1.6249450068163525,0.40567031367260165,-1.3429233808143881,-0.8861427999705188,-0.48300389377964903,1
1.1747945463422176,2.5213399707280857,-0.8955714479610531,0.6273086242388399,-0.36092235307791626,-1.131281037874402,0.6940731275327673,-1.1225954848930284,0.5192163356277534,0
-1.0084279015378252,-1.4065658699936405,2.4627093362241332,-0.3558023130494966,-0.25993711010626663,-1.7255674030846828,-0.9407873458792857,0.33723534653026027,-0.3864737538837859,0
-1.8134329890950078,-0.030435791674797347,0.03105552875400477,-0.01106339650791115,1.0831972565908925,-0.87628106187688,0.1508631041063981,-0.27278328424070036,-0.582010497194472,0
0.33137453192290145,-1.0850783628449794,1.9985212809296176,0.4367971267726717,-0.513864390081998,0.9496752209611835,-0.2980371897476921,-0.27241467358925364,-0.5700191795986015,1
0.7330239812897268,0.11114937048782683,0.3621903213782266,1.3592819873700315,0.42751173306272394,-1.2165072078020502,1.3192982587137927,-0.7455864553346393,-1.1277352624047154,1
0.28163122739841684,0.9002648816429946,-1.595782586627675,-0.5231334283283537,-0.5824364230718224,-0.5847769545017775,0.7834331092078144,-0.1328350258633407,-0.4169943623797774,0
0.18137948267797788,-0.4668391083083037,0.4345869396280403,0.15342084753007737,-0.5499998927818407,-1.5921349328017245,-0.5072308742679844,-2.4165516438961014,0.1473661016200615,0
2.101759146274689,2.0465798707746155,1.9906320103798574,-2.479480039671766,-1.1529636553005838,0.5798253719119395,-0.31798412462294334,-0.06732009221103599,2.3097879580471288,0
0.4635455889148602,-0.17329734726206494,-0.19540688426971334,1.295456466224037,0.058600755177826556,-0.5862197160408213,0.18700768986653926,0.43703847470164986,-1.1197374333553551,0
-0.21917099030832174,0.02650965005138104,0.19077245515943736,0.29048101031114376,-0.42845251722447253,0.9123089220209805,-0.8106285655013085,-2.154055555541988,-0.6008549054120836,0
-0.2816138937854215,0.2839689989818281,-0.1627381199715384,-0.7739254377325233,-0.4823618083599548,0.3614567212557273,0.5006514139725036,-0.8864112802886672,-0.3329352464928606,0
-1.1413764723823088,-1.0891616175797838,-1.4643753996249538,1.3492129828099388,0.6146988998384406,0.47150513957173706,-0.9436725282980073,0.0774714053354079,-0.562909687660513,0
1.8692535801845303,-3.1224709508324757,0.4158122876658153,-0.32833622474650603,1.2666120054706806,-0.471656495350892,-0.7432160517848749,0.1787531485442338,-0.29930102622662746,1
-0.5932386401357906,-0.7614186859947668,0.3542835221404995,0.6829903441060315,-0.2281906371347052,-0.25320793245117507,-1.0458351885055355,-0.04268874872587315,0.5554744850729685,0
-0.09199996869337596,-0.4643504990948316,-0.750490554219775,0.0036502427856668564,-0.187130198531354,0.6735710676499221,1.7883247078041624,-0.3036233953933992,0.26819253355088557,1
0.5764724791601807,-0.07230012314573148,-0.8457120076989922,0.05337303272623948,-0.018349746411948194,0.5214436069352056,-1.0470845783938973,0.048558203768940704,0.11943599455331638,0
0.15734041007474536,1.1571189187465878,-0.6771791386688658,0.66121723972204,-2.6462523400927793,-0.30717971757065066,0.28767461083317747,0.9606853410863776,1.0292017235217872,1
-0.6541369752213048,-0.35537593539125745,-0.8229280275048471,-0.8715670796794474,1.252515779939553,0.43969092417645184,0.11893210178998635,-1.9993016737998361,0.515308549155118,0
1.128908624337512,0.1423431949187277,-0.7720188934701226,-0.6842309385510429,-0.48786567970577727,1.1803786375448335,-0.17366419074360798,0.21586516256788119,-0.5006992218289832,0
-0.30665342748839514,0.3356631419503844,-0.8471456783562163,-0.43056452838164494,-0.41197231659526135,1.9281121878513547,-0.5525583728143132,0.1537746531199303,-0.7254102800490579,1
0.42676611186342184,0.5235047544935478,0.38684074617737707,0.3160858523052701,0.7394149111769253,1.4499784585713325,0.26963786324517397,2.5376993211816683,0.2508529843825796,1
-1.3570567748164635,-1.3104472345608185,-0.20834067069995715,1.1683938715810231,1.4041625846351724,-0.1015734226142361,-0.7599032392303122,0.12360728655087022,-0.1269592335603877,1
0.18698359174352472,1.285886076173953,-0.5850514782381202,-0.0205257508139627,-0.6564339263163632,0.6460093306627768,-0.33188635906518704,1.646457653221378,1.3596366427892126,0
-2.0595347593280047,0.48392890337543504,-0.836930785421244,0.26731091870081897,-0.15323581317382115,-0.684785249052511,2.2283893659071246,-1.905003281119604,-1.0591500221212422,0
-0.8628182462919904,0.03750786186419601,-1.0399023794899458,-0.9150609587862707,-1.2693944046279824,0.22980112277833573,-0.05451295463626215,0.10725677173050231,0.5671262594132875,1
1.5844394569526508,0.2997725788941679,1.292017375914641,-0.9306150471311367,0.569818452983536,-1.1581806883075425,0.7903573396223044,0.15586457120814515,-0.7056188488005354,0
-1.7263874016773393,-0.22417142766024753,0.8825019275796286,0.6202724808097245,-0.7817101032085257,0.3690806993817408,0.5983905420951473,-1.2258932072298199,0.8711804040305301,0
0.30878034889390354,-0.7037041290600965,-1.5140912048557529,1.5347938690990015,2.501992593175643,-1.4957018126776465,-1.0072155717060292,1.6226494376615714,-0.0633736809514484,1
0.44934404942844275,-0.24689990223024336,-0.09531255958360967,2.1781789806536698,1.3881417835378866,0.4522472722976336,-0.8708693174385312,0.9034055865067221,0.09953441825668388,1
-1.201611368459679,-0.637843990145506,1.3374478814170807,0.8035160394256472,-0.33914469274734976,0.7157230216404268,0.7385560077315406,1.739308195846781,1.8024345087952909,0
-0.3254441950243628,-0.2765767210621045,0.09332871639907836,-0.5819607852786,-0.05910866528492538,-0.5143905203869146,-0.6904586494543645,0.3853900811981436,1.2915362131489445,0
-0.6312348000080493,0.3966028902201084,-0.053337049699743684,1.5566175562932583,-1.6936838878047784,0.40262904987701476,1.4858181553107555,-2.202039325404351,0.7098987032592531,0
0.9470659995064785,0.048800464278093945,-0.6977723154777294,-1.4319859664666321,-0.5259698979461185,0.47339166705724256,1.3174018134238281,-1.6285793961891153,-0.5941145655887299,0
0.46643022551596963,0.8930882901093394,-0.6381285934571284,-0.025894637869662524,-0.4868691395564098,-0.16503962405478032,0.3062173372046373,-2.0978519194551333,-2.0090845848381855,0
2.0672560282881545,-1.0019884473669456,-0.011243573891310059,0.48293994601325957,0.5572279832509727,1.6690501022762247,-0.07261613350629743,-0.6350854109257028,1.4014960600002555,0
-1.0575980498024802,0.28497923730126107,-0.3905611641348237,-1.0365747309735303,-0.643827961472527,-0.5508105303194014,-1.1593060569168643,0.06797629836281953,-1.3561168244494781,1
-1.2824311864142148,0.4818538438377351,0.09999005548286137,-1.1387187514294237,-0.3913289986059272,0.7053395021088495,0.041539028953621444,0.6726398222048314,0.5029235275769582,1
-0.8383254599441301,2.344811915075919,-0.7522500267605581,0.37522833991523125,-0.43257159472438944,-0.02559415960831919,0.27873688671462843,-0.3470842966245113,-0.09438968433711165,1
1.638749334289844,1.149944267658559,-1.007380977378856,1.9032753076840978,-0.9746349492772975,-1.2361570542662148,-1.1786806911685621,-0.24547121769950064,0.9898268432617301,1
-0.5994939887541475,-1.4863807401608398,1.498581849389178,-2.1773665653774836,-1.1595983993869101,0.6062379734685771,1.9799605403959077,-0.7591771544113608,1.7953865456653175,1
-0.44061412698776337,-1.127875077734637,-0.0810503957235692,-1.1584393280478655,-0.387617728676989,-1.503024507809811,0.7544055649466574,-0.264197747887157,-0.8951971369622729,1
-0.7715143314062749,-0.32378414917474496,-0.8766132599339089,1.613123625356129,0.008251393153280296,-0.215793246180574,0.11537753920924164,-0.1379405741829388,-0.2930986944736843,0
1.727161544221025,-2.979021033810217,0.6296247912406274,1.3151843308116673,-0.24336966680918184,1.064563866870188,-0.05678953308226734,-0.43217640302833316,-1.5446922393913627,1
1.2999681644611585,2.16927557278783,-1.3875139548495588,-0.7083791366413545,0.45948723386661605,1.4410307023597377,-1.0178603576832241,-0.03847458629449235,1.0276392766332527,1
-1.273882937418656,-0.12875926235012594,-0.4835877895489777,1.248012709604421,-0.5689330889712927,-0.1656631315972894,-0.616883029461881,1.3993367539569608,1.3928692137114003,0
-0.47910304764083844,-0.2798311889207321,0.13375120905425608,0.598112906693102,-0.15157682276539955,-2.387067428866474,-1.4187968661843935,-0.339749495511407,1.524411620645488,1
1.3183359910627224,-0.016696485523810863,-0.6062559211208965,1.8783611223607228,-0.7641295786575423,-0.27099551380168524,-2.755905310145321,-0.6802727942083765,1.9004415897918592,1
0.47362512807364804,-0.15842806139424495,-1.6460911996142658,-1.444771315215344,-0.9882005267505022,1.0028079120962003,0.3516554350711278,1.1577500912665246,0.7935066068150688,0
0.02097359985663331,-1.0728997939988938,1.2280743892588373,-1.2908214799519655,-0.9937336375739125,0.17091379949834176,-1.308481012452341,-0.2937239655946019,1.7682215551362228,1
-0.18828943642633097,0.04082336964723283,0.07062886793966107,-1.2417092211867975,1.6205171243718612,-0.05012088719802697,0.4689632603728779,-1.148859958801463,0.6951713588229008,1
0.5996341169282395,-1.1624638734776407,-0.2608736409177085,0.8199247817994756,-1.2126293660981031,0.05921624954413597,1.9068102315111928,-0.3999182558125147,0.5368468590208136,1
-0.467087575235655,-1.034565176101922,0.048611412530576145,-0.16812070556445638,1.1260884763722578,-1.1085176170968647,-0.7958649872149669,-0.026942241203354297,-0.336696942156412,1
0.47553500924386793,0.22071729785843489,-1.2434089936723818,-0.5603518719508591,1.4969352681175132,-1.0942192160501993,0.5772582268844019,-1.1490756039134866,0.3649908425038009,0
-1.0803628604222675,0.3349601429371448,-0.17370076057688724,0.11260452774129943,0.5621954541254526,1.221886295756775,-1.2452947881718412,0.2259836258773537,0.4501319281079623,0
-1.7869851201202869,1.025992856384649,0.48392970348653563,-0.38445205805315863,-1.2459749281376291,1.0194960731189724,0.5341225511250209,0.01576131742257324,-0.3036237986318069,0
1.07381829379377,-0.136120431264389,-0.017222114212838466,-1.504225621349271,1.3113479223832458,0.11149720946205656,-0.7468191236848251,-0.6452864904346172,-0.17820875250530538,0
1.1166781301089035,1.041970844864047,-1.6293952147729294,2.1297756513675403,-1.3301737010312695,-0.6994609642562473,0.43117059658195206,0.6697993283260535,0.7780532737108357,1
0.26802293067917254,-0.7191612080655935,-0.41535969420575664,-0.1430185423354026,0.44165542190925405,-0.6128360728436639,-1.1068918485495203,0.1525116499515543,-0.3418919807388116,0
0.5289753153876164,0.04258798141276894,0.1136124100858408,0.7255732771516608,-0.9193754065071721,-0.8480220652532743,-0.4211398411112187,0.3293383435147961,-0.7480835784509807,1
0.07933133374507383,-1.0090054179949914,-0.8896922979442332,0.1379693377429582,-0.22160364615052755,0.18586212107394004,-1.3732004315035293,1.4632546951463172,0.6315168952920676,1
-0.6210746275812864,-0.12911098456575631,0.5713491014702341,1.2182800810347563,-0.5103222703552349,-0.6317693181230823,0.3478573101728502,0.45970088329670683,1.1681982542812983,0
1.781976297891349,0.756145970979755,-0.23437860851463466,0.5378086813052185,-0.1735192251589255,0.42489717393556403,0.17191337947262267,-0.4229455816025451,-0.2814390740506743,1
-0.6087713888227521,-1.6696513068997314,-1.4237823352637027,0.3115202474410005,-1.3417421458027994,-0.14273534131963292,0.6251657845378576,-0.9772179124777866,0.8512379185644174,0
-1.2998446788351112,-0.0858252579730654,-0.5295230569015528,0.4472512222971195,-0.26987970499535974,0.22216546189978978,0.9371105611839966,0.00879348564929036,0.7356987835215892,0
0.8802315004612662,0.10793662391018674,0.5372558153911163,0.486007520545964,0.4494304183351853,0.8054440602673277,-1.4598788316094051,-0.015834161927109625,-1.325288727471196,0
0.9310784381338078,0.4203392143214249,0.05322068780825611,-2.8274264887331055,-0.26868927478172355,-0.15928149844890224,-0.409414769047705,-1.4565325391735038,0.7976247746018658,0
0.00011352050063002893,-0.20911209368642436,-2.0385143266054495,-2.220645428578278,-1.7927292901793328,-0.3175271353003872,-0.41054243008385044,-0.1554503670475955,-0.7090784414537898,0
0.5517599225654651,-0.5486725336270808,-0.37501482625091326,-0.9055636852087864,0.8494494701922566,-0.8703667118463608,1.2878229685253237,-0.3072244476178358,-1.4221647387429346,0
0.25964107945193404,0.28266907125639074,0.36350530487906363,-0.15947700040713736,-0.12805643787091586,-1.4057674019677862,0.671261767746237,0.40912314919449133,-0.5000011582292537,1
-0.038251846186819115,-1.4711759070626025,-0.07995006556156989,0.13130449202497413,1.3151664609647284,-0.06724902178613024,-0.10878294529344784,-0.9473462038207663,0.9951432986273485,1
0.020082589943704383,-0.2993962149064391,1.1124312847154525,-0.4716542796339009,0.051564816323541124,-0.5694227181811404,1.418802350817778,0.5911868817057823,0.46615644658376737,0
2.254954042219003,0.07386344255202137,-1.0368748568340287,0.0007310089010211247,-0.2573477927077573,1.1835233638997626,0.7113090852863363,0.33441926401788385,-0.31695607003169884,0
0.677238427316004,0.302793344004706,-0.7240087147037109,-0.07883067343946676,0.058213651235932085,1.5994531258957034,0.1514450373014378,0.39579924942373995,-1.499509461806332,1
0.41305639070644384,-1.7975897504749063,-0.6010890680892642,0.3417564657791726,-1.2303646275798805,2.091927381533512,1.3231815534607032,-0.20892533235949012,-2.3343104860321118,0
-1.1330497629119687,1.0742864856230796,-1.7640739515304642,-0.6527753605398142,1.3491315201063137,0.48708528792673267,0.05220486024742257,0.7009943763448157,0.07023252312651716,1
-0.08172959777895197,0.5643204919892382,-0.7997624093723876,-0.08657925442215432,-0.10695278133402018,0.5208495423255822,0.917397912077541,2.3521422227513904,1.182233083807066,1
1.4751534265599011,0.6373281829179042,0.6980422088484886,-0.6174019786070081,0.5400753213589409,-0.9733659059825556,0.5965484300212095,-2.1335362771790356,-1.1183086283135508,0
-0.6768981569324123,1.2568566842020936,-0.23417505978332734,0.2862678210142769,-1.1235887422338244,-1.3788096104065808,-0.6696814017858617,0.4806663089344385,0.07474645055891245,0
-0.01534974980736563,0.46353111603437636,-1.2288300556056797,1.0931536704270979,-0.808026721197636,-0.9048670216324045,0.7635209366154935,0.07318118175939803,-0.014715456882206174,1
1.369056048086334,0.5088123446980549,-0.8203405868333817,0.0243507790056473,-0.2207979855085461,1.8452217452334942,0.6688696840969105,0.030137957571765895,-0.6380264338840114,1
1.6870083194677823,-0.8894239357221019,-0.9599761736034756,0.06411366523483143,1.2582729890734907,-0.705581288875846,-0.6122216782575817,0.1309635817874899,-1.7966354192966079,1
0.13089995088515188,-2.0971538495857858,0.6789983162373642,1.6536826955741009,-2.0849475573968728,0.16262873921635573,0.8806306142866118,-0.4258372601597331,1.7419474520600267,1
-0.32252183977444315,0.22805501322689112,0.05293735279874426,-0.5588201316833074,1.6116680391705427,1.5016974923655426,-0.679813443330474,0.3071981370653837,0.41314171150842816,1
-0.11355144006025733,0.4386291143369319,2.1264568479950494,-0.16386756113204035,-0.9518034907377023,-1.0635613967176298,1.1719639707328608,1.0963191121946203,-3.170699416982341,0
0.13247413624946872,-0.12855779773928722,2.274572229812249,-1.1507174327574026,-0.28897056103723556,-1.0412989962822703,-0.17002160695867166,-0.7426897156920649,-0.8115679682463055,0
-0.4867060088200919,0.4395741161713507,-1.18461857486586,-0.10471665965541276,-0.520618730618301,-0.6265991218241189,-0.7172661925066557,-0.21404671688731997,0.7481258232736272,1
-0.4696399770094339,-0.28305389911213097,2.2161564987873907,1.5748657152333465,0.758904518878547,1.1180329121717782,-0.8477185422824005,0.5394573300382629,0.521205395128073,0
1.2591906334434206,0.22729821197793798,0.09178341033608962,-0.7393855106680002,-0.28252839579135214,0.8629679562595018,1.2063033770091116,0.6231308081571378,0.1098406962909705,0
1.980638208235664,-0.15842699060415397,-1.5044458520367876,-1.410267121680317,-0.6488493876459923,-1.179136279943205,1.2537782471026806,0.13355149951966472,-0.006766899595719,0
0.8214640625449857,0.07794598056583966,0.7588764230630582,-0.414839030375244,-0.33371791163814507,0.9088897134015242,0.3102686777899876,-1.939864510898041,0.7113537985014701,1
-1.351691496068925,0.6095202250879747,-1.3923014109378573,-0.11367389595829597,1.1234407794431738,1.2510863161644337,-0.00934716768919741,-0.8717671085226502,-0.6597225988499149,1
-2.140060313066158,1.6210882207913142,0.19368902384503303,0.34675262686744035,0.444977383915972,0.012015026027057944,1.8158341803636906,-1.7293429550328292,-1.603957793696462,0
0.42200060559929087,1.0274229031468403,0.008984476530238735,0.38788997409317016,-0.3103296812524068,-0.34676884944659864,1.1567550429063331,-1.5763352464241056,0.445371475218178,1
1.055978200784966,-1.4581295395891787,0.029784382108373756,-1.0572704556499835,0.8774189709689872,-0.23726595838807701,0.4615849132918094,0.3585590685544764,1.017752462655058,0
0.37160602995108616,-2.226116278457526,1.3803301771002774,-1.2105140527564917,1.396316474151437,0.4516061545873932,1.3059110453433513,1.026795454695653,-0.046019664746946395,0
-0.48617738765607865,0.34602165675015684,-1.5492084699020194,-0.7235819026559154,-1.1344938858441311,0.8084878115094372,-1.1464115525200964,0.5040684580884839,0.6815701633466211,0
-1.8814772432297486,-2.1605803236625456,-1.2385859955712002,-1.116068095499566,-1.7424445556207155,0.2319304477649783,1.2689662871339853,1.2463545565543999,0.6286878865992379,0
1.6355761664875001,1.3602473558967636,-0.19070518258574556,-0.05276963590428471,0.994224449760844,1.7505699192449429,0.36986993748006797,-0.6573023234427715,0.8583681860503868,0
0.11161269420564802,-0.4927911978761624,0.35269725712317324,-0.818752084344402,0.3894799928396922,0.9251958983612154,0.8814343081752564,-0.9586104550484194,-0.42730720085984186,0
0.38560376220521086,0.7616729543536666,0.5520088473057196,0.7269965867447109,-0.8075224244703517,1.710203070657597,-0.1491921188523035,0.6604247222706278,0.708455638230937,0
-0.6461597656046232,-0.2853170855177934,0.4885757465875111,0.38702290062515354,0.3028427700877613,-0.13185183174204312,-0.6889287001498914,-0.37210830089922226,-0.3845623049431533,1
